SEED: 7628 SUCCESS @ EP:  1041 [2.3991366  3.16527668 0.209341   2.61626075 0.72436081] [-2.11654916 -3.19307567 -0.20940736 -1.26968987  0.27590732] TOTAL TIMESTEPS:  75128
SEED: 1259 SUCCESS @ EP:  1624 [2.39031744 3.02608009 0.20942864 2.96659436 0.72449018] [-2.38849333 -2.72707565 -0.20940471 -3.39992453  0.27500328] TOTAL TIMESTEPS:  92854
SEED: 6654 SUCCESS @ EP:  1278 [2.06075865 2.53245545 0.20941626 2.92808098 0.72471739] [-1.2966724  -1.97499776 -0.20940207 -3.22540617  0.27504379] TOTAL TIMESTEPS:  97333
SEED: 1145 SUCCESS @ EP:  1520 [2.39342324 2.22834226 0.20943324 2.76544774 0.72497503] [-1.15569198 -1.7773346  -0.20942433 -2.94630332  0.27507102] TOTAL TIMESTEPS:  111745
SEED: 9086 SUCCESS @ EP:  1590 [2.32137196 2.04020131 0.20943198 3.46080687 0.72497996] [-2.38579885 -3.0154671  -0.20942012 -2.94930598  0.27513531] TOTAL TIMESTEPS:  131481
SEED: 5987 SUCCESS @ EP:  1815 [2.3998201  2.02604893 0.20943932 2.96589269 0.7242094 ] [-1.50832309 -1.91309199 -0.20940338 -2.95968355  0.2751493 ] TOTAL TIMESTEPS:  117957
SEED: 3615 SUCCESS @ EP:  1896 [2.39742657 2.14069373 0.20943817 2.9762089  0.72497025] [-1.12908657 -1.93180125 -0.20936918 -2.93905256  0.27501441] TOTAL TIMESTEPS:  128280
SEED: 9948 SUCCESS @ EP:  2319 [2.39944823 2.39732456 0.20943228 2.97346989 0.72472439] [-1.49089292 -1.98336068 -0.20942322 -2.93830727  0.27507514] TOTAL TIMESTEPS:  140885
SEED: 5731 SUCCESS @ EP:  2096 [2.39873524 2.17835351 0.20943639 2.13277935 0.72484343] [-2.00322086 -2.01167962 -0.20940831 -2.18288132  0.27505385] TOTAL TIMESTEPS:  188561
SEED: 5095 SUCCESS @ EP:  3515 [2.39889037 2.38445055 0.20943419 2.95865496 0.72486554] [-1.66387733 -1.99350097 -0.20942148 -2.95964549  0.27509842] TOTAL TIMESTEPS:  220390
SEED: 3713 SUCCESS @ EP:  2327 [2.2169821  1.48045754 0.20943173 2.72504011 0.72487644] [-2.04777652 -2.23525014 -0.20943804 -2.20765175  0.27509668] TOTAL TIMESTEPS:  195386
SEED: 5955 SUCCESS @ EP:  2272 [2.3787096  1.9645482  0.20941443 3.49798777 0.72494897] [-1.10271318 -2.92748108 -0.20941821 -2.96589891  0.27506833] TOTAL TIMESTEPS:  205149
SEED: 4068 SUCCESS @ EP:  2814 [1.61632516 2.06772712 0.20943316 2.69866318 0.72455326] [-1.75765609 -2.05638001 -0.20941866 -2.70070078  0.27509097] TOTAL TIMESTEPS:  204248
SEED: 371 SUCCESS @ EP:  2733 [2.38631193 2.1323287  0.20943593 2.01759058 0.72473423] [-0.93072914 -1.2861764  -0.20943085 -2.9585449   0.27513316] TOTAL TIMESTEPS:  199210
SEED: 9382 SUCCESS @ EP:  3878 [2.39562308 2.52186554 0.20943898 2.96281604 0.72478433] [-2.20796538 -2.20856544 -0.20941143 -2.7576406   0.27507543] TOTAL TIMESTEPS:  198343
SEED: 7100 SUCCESS @ EP:  2368 [2.34237507 1.97497578 0.20943592 2.77575706 0.72471837] [-1.55910151 -1.81095044 -0.20943933 -2.97479192  0.27511   ] TOTAL TIMESTEPS:  211304
SEED: 9740 SUCCESS @ EP:  2263 [2.39960175 2.00247817 0.20943386 2.93197353 0.72442634] [-0.77316754 -1.93426292 -0.20943441 -1.82423439  0.27508612] TOTAL TIMESTEPS:  209288
SEED: 6118 SUCCESS @ EP:  2423 [2.38957254 1.9663047  0.20943854 2.93550711 0.72487083] [-1.18526107 -2.00066406 -0.2094349  -2.94214611  0.27526367] TOTAL TIMESTEPS:  215262
SEED: 862 SUCCESS @ EP:  2404 [2.3866859  2.82822358 0.20943495 2.97495272 0.7247263 ] [-2.39536421 -2.42057151 -0.20940897 -3.13244702  0.27505298] TOTAL TIMESTEPS:  212065
SEED: 6040 SUCCESS @ EP:  3033 [2.39983727 2.1396568  0.20943926 3.48588098 0.72485593] [-1.25970403 -2.91661086 -0.20943868 -2.9523649   0.2750555 ] TOTAL TIMESTEPS:  242366
SEED: 7551 SUCCESS @ EP:  4904 [2.39999272 2.9109294  0.20941521 1.88199142 0.72486079] [-1.84549045 -2.0506697  -0.20942289 -2.82256193  0.27501341] TOTAL TIMESTEPS:  679636
SEED: 4507 SUCCESS @ EP:  5162 [2.39998142 2.40427396 0.20943001 2.92988871 0.72497774] [-2.3999892  -2.75309797 -0.20943809 -2.56812599  0.2751219 ] TOTAL TIMESTEPS:  685251
SEED: 7551 SUCCESS @ EP:  4904 [2.39999272 2.9109294  0.20941521 1.88199142 0.72486079] [-1.84549045 -2.0506697  -0.20942289 -2.82256193  0.27501341] TOTAL TIMESTEPS:  679636
SEED: 2758 FAILURE [2.39999052 3.28560938 0.20943913 3.17528103 0.72498099] [-1.24226796 -2.34928625 -0.20942035 -2.96018255  0.27500388] TOTAL TIMESTEPS:  924590
SEED: 6192 FAILURE [2.39999791 2.95423766 0.20943557 3.36808705 0.72497466] [-1.40480673 -3.07852338 -0.20941412 -2.91879812  0.27501825] TOTAL TIMESTEPS:  1019297
SEED: 3664 FAILURE [2.39999608 3.25995261 0.20943636 2.91772173 0.72498928] [-1.55453353 -1.98343045 -0.20938488 -2.94988444  0.27500476] TOTAL TIMESTEPS:  976001
SEED: 5584 FAILURE [2.39999446 3.16471369 0.20943904 1.89879597 0.7249906 ] [-1.71353291 -1.97404461 -0.20942183 -2.96934501  0.27500395] TOTAL TIMESTEPS:  1016855
SEED: 3531 FAILURE [2.3999934  3.34510836 0.20943449 2.97188568 0.72497808] [-1.34421899 -1.94565023 -0.20941446 -3.3283239   0.27504264] TOTAL TIMESTEPS:  1044340
SEED: 2712 FAILURE [2.39999026 3.15803219 0.20943934 2.95812858 0.72496748] [-2.39832272 -3.08367585 -0.20943139 -2.78367424  0.27514323] TOTAL TIMESTEPS:  1049092
SEED: 1896 FAILURE [2.39999613 3.10467646 0.20943797 2.92675915 0.72486706] [-1.29185847 -1.98039299 -0.20943384 -2.98330191  0.2750813 ] TOTAL TIMESTEPS:  1103709
SEED: 7957 FAILURE [2.39999825 3.88780438 0.20943866 2.96711371 0.7248438 ] [-2.35624841 -2.39504182 -0.20938232 -2.79101983  0.27509212] TOTAL TIMESTEPS:  1084786
SEED: 9684 FAILURE [2.3999909  3.52642645 0.20943945 2.11723383 0.72489044] [-2.32974488 -2.41642457 -0.20943646 -1.67973772  0.2750032 ] TOTAL TIMESTEPS:  1111068
SEED: 741 FAILURE [2.39999487 3.19427156 0.20942373 2.9344123  0.72499988] [-1.06843659 -1.99373633 -0.20942152 -3.37677042  0.27500962] TOTAL TIMESTEPS:  1291902
SEED: 3119 FAILURE [2.39999666 3.13555699 0.20943928 3.48821357 0.72486148] [-2.395302   -2.92925777 -0.20942986 -2.75064106  0.27502787] TOTAL TIMESTEPS:  1301015
SEED: 5632 FAILURE [2.39999633 3.17405118 0.20943926 2.96129424 0.72498488] [-2.39726086 -2.7170814  -0.20943415 -1.70579766  0.27500922] TOTAL TIMESTEPS:  1225593
